20160624-121155-2c79 {'fc8_species': [(967, 4096), (967,)], 'fc6': [(4096, 9216), (4096,)], 'fc7': [(4096, 4096), (4096,)], 'conv3': [(384, 256, 3, 3), (384,)], 'conv2': [(256, 48, 5, 5), (256,)], 'conv1': [(96, 3, 11, 11), (96,)], 'conv5': [(256, 192, 3, 3), (256,)], 'conv4': [(384, 192, 3, 3), (384,)]}
20160624-182808-811a {'fc8_species': [(967, 4096), (967,)], 'fc6': [(4096, 9216), (4096,)], 'fc7': [(4096, 4096), (4096,)], 'conv3': [(384, 256, 3, 3), (384,)], 'conv2': [(256, 48, 5, 5), (256,)], 'conv1': [(96, 3, 11, 11), (96,)], 'conv5': [(256, 192, 3, 3), (256,)], 'conv4': [(384, 192, 3, 3), (384,)]}
20160625-001322-6968 {'fc8_species': [(967, 4096), (967,)], 'fc6_clean': [(4096, 9216), (4096,)], 'conv3': [(384, 256, 3, 3), (384,)], 'conv2': [(256, 48, 5, 5), (256,)], 'conv1': [(96, 3, 11, 11), (96,)], 'conv4': [(384, 192, 3, 3), (384,)], 'conv5_clean': [(256, 192, 3, 3), (256,)], 'fc7_clean': [(4096, 4096), (4096,)]}
20160625-083048-3086 {'fc8_species': [(967, 4096), (967,)], 'fc6': [(4096, 9216), (4096,)], 'fc7': [(4096, 4096), (4096,)], 'conv3': [(384, 256, 3, 3), (384,)], 'conv2': [(256, 48, 5, 5), (256,)], 'conv1': [(96, 3, 11, 11), (96,)], 'conv5': [(256, 192, 3, 3), (256,)], 'conv4': [(384, 192, 3, 3), (384,)]}
20160703-150520-3997 {'fc8_species': [(967, 4096), (967,)], 'fc6': [(4096, 9216), (4096,)], 'fc7': [(4096, 4096), (4096,)], 'conv3': [(384, 256, 3, 3), (384,)], 'conv2': [(256, 48, 5, 5), (256,)], 'conv1': [(96, 3, 11, 11), (96,)], 'conv5': [(256, 384, 3, 3), (256,)], 'conv4': [(384, 192, 3, 3), (384,)]}
20160703-164719-37a7 {'fc8_species': [(967, 4096), (967,)], 'fc6': [(4096, 9216), (4096,)], 'fc7': [(4096, 4096), (4096,)], 'conv3': [(384, 256, 3, 3), (384,)], 'conv2': [(256, 48, 5, 5), (256,)], 'conv1': [(96, 15, 11, 11), (96,)], 'conv5': [(256, 384, 3, 3), (256,)], 'conv4': [(384, 192, 3, 3), (384,)]}
20160703-165031-26a6 {'fc8_species': [(967, 4096), (967,)], 'fc6': [(4096, 9216), (4096,)], 'fc7': [(4096, 4096), (4096,)], 'conv3': [(384, 256, 3, 3), (384,)], 'conv2': [(256, 48, 5, 5), (256,)], 'conv1': [(96, 15, 11, 11), (96,)], 'conv5': [(256, 384, 3, 3), (256,)], 'conv4': [(384, 192, 3, 3), (384,)]}
20160703-184038-b35f {'fc8_species': [(967, 4096), (967,)], 'fc6': [(4096, 2304), (4096,)], 'fc7': [(4096, 4096), (4096,)], 'conv3': [(384, 256, 3, 3), (384,)], 'conv2': [(256, 48, 5, 5), (256,)], 'conv1': [(96, 75, 11, 11), (96,)], 'conv5': [(256, 384, 3, 3), (256,)], 'conv4': [(384, 192, 3, 3), (384,)]}
20160703-195208-cdcf {'fc8_species': [(967, 4096), (967,)], 'fc6': [(4096, 16384), (4096,)], 'fc7': [(4096, 4096), (4096,)], 'conv3': [(384, 256, 3, 3), (384,)], 'conv2': [(256, 75, 5, 5), (256,)], 'conv5': [(256, 384, 3, 3), (256,)], 'conv4': [(384, 192, 3, 3), (384,)]}
20160703-195348-6004 {'fc8_species': [(967, 4096), (967,)], 'fc6': [(4096, 25600), (4096,)], 'fc7': [(4096, 4096), (4096,)], 'conv3': [(384, 75, 3, 3), (384,)], 'conv5': [(256, 384, 3, 3), (256,)], 'conv4': [(384, 192, 3, 3), (384,)]}
20160703-211919-c6bb {'fc8_species': [(967, 4096), (967,)], 'fc6': [(4096, 25600), (4096,)], 'conv5': [(256, 75, 3, 3), (256,)], 'fc7': [(4096, 4096), (4096,)]}
20160703-232402-8605 {'fc8_species': [(967, 4096), (967,)], 'fc6': [(4096, 6400), (4096,)], 'fc7': [(4096, 4096), (4096,)], 'conv3': [(384, 375, 3, 3), (384,)], 'conv5': [(256, 384, 3, 3), (256,)], 'conv4': [(384, 192, 3, 3), (384,)]}
20160704-001413-898d {'fc6_clean': [(4096, 9216), (4096,)], 'conv3': [(384, 256, 3, 3), (384,)], 'conv2': [(256, 48, 5, 5), (256,)], 'conv1': [(96, 3, 11, 11), (96,)], 'fc8_clean': [(967, 4096), (967,)], 'conv5': [(256, 192, 3, 3), (256,)], 'conv4': [(384, 192, 3, 3), (384,)], 'fc7_clean': [(4096, 4096), (4096,)]}
20160704-001627-a4de {'fc8_species': [(967, 4096), (967,)], 'fc6': [(4096, 9216), (4096,)], 'conv5': [(256, 375, 3, 3), (256,)], 'fc7': [(4096, 4096), (4096,)]}
20160704-001701-30e0 {'fc8_species': [(967, 4096), (967,)], 'fc6': [(4096, 24000), (4096,)], 'fc7': [(4096, 4096), (4096,)]}
20160704-001743-6578 {'fc8_species': [(967, 4096), (967,)], 'fc6': [(4096, 6400), (4096,)], 'fc7': [(4096, 4096), (4096,)], 'conv3': [(384, 375, 3, 3), (384,)], 'conv5': [(256, 384, 3, 3), (256,)], 'conv4': [(384, 192, 3, 3), (384,)]}
20160704-001911-eb45 {'fc8_species': [(967, 4096), (967,)], 'fc6': [(4096, 30976), (4096,)], 'fc7': [(4096, 4096), (4096,)], 'conv3': [(384, 375, 3, 3), (384,)], 'conv5': [(256, 384, 3, 3), (256,)], 'conv4': [(384, 192, 3, 3), (384,)]}
20160704-065721-1c42 {'fc6_clean': [(4096, 9216), (4096,)], 'conv3': [(384, 256, 3, 3), (384,)], 'conv2': [(256, 48, 5, 5), (256,)], 'conv1': [(96, 3, 11, 11), (96,)], 'fc8_clean': [(967, 4096), (967,)], 'conv5': [(256, 192, 3, 3), (256,)], 'conv4': [(384, 192, 3, 3), (384,)], 'fc7_clean': [(4096, 4096), (4096,)]}
20160704-152854-7d95 {'fc8_species': [(967, 4096), (967,)], 'fc6': [(4096, 20736), (4096,)], 'conv5': [(256, 339, 3, 3), (256,)], 'fc7': [(4096, 4096), (4096,)]}
20160704-154710-e898 {'fc8_species': [(967, 4096), (967,)], 'fc6': [(4096, 20736), (4096,)], 'conv5': [(256, 339, 3, 3), (256,)], 'fc7': [(4096, 4096), (4096,)]}
20160704-162710-6dc9 {'fc8_species': [(967, 4096), (967,)], 'fc6': [(4096, 20736), (4096,)], 'conv5': [(256, 339, 3, 3), (256,)], 'fc7': [(4096, 4096), (4096,)]}
20160704-171110-ef79 {'fc8_species': [(967, 4096), (967,)], 'fc7': [(4096, 4096), (4096,)], 'fc6': [(4096, 20736), (4096,)], 'conv5': [(256, 384, 3, 3), (256,)], 'conv4': [(384, 339, 3, 3), (384,)]}
20160704-171221-2222 {'fc8_species': [(967, 4096), (967,)], 'fc6': [(4096, 4096), (4096,)], 'conv5': [(256, 339, 3, 3), (256,)], 'fc7': [(4096, 4096), (4096,)]}
20160704-232348-6577 {'fc8_species': [(967, 4096), (967,)], 'fc6': [(4096, 20736), (4096,)], 'fc7': [(4096, 4096), (4096,)], 'conv3': [(384, 339, 3, 3), (384,)], 'conv5': [(256, 384, 3, 3), (256,)], 'conv4': [(384, 192, 3, 3), (384,)]}
20160705-071507-f290 {'fc8_species': [(967, 4096), (967,)], 'fc7': [(4096, 4096), (4096,)], 'fc6': [(4096, 20736), (4096,)], 'conv5': [(256, 384, 3, 3), (256,)], 'conv4': [(384, 339, 3, 3), (384,)]}
20160705-130445-443c {'fc8_species': [(967, 4096), (967,)], 'fc6': [(4096, 4096), (4096,)], 'conv5': [(256, 339, 3, 3), (256,)], 'fc7': [(4096, 4096), (4096,)]}
20160705-214944-ddc0 {'fc8_species': [(967, 4096), (967,)], 'fc6': [(4096, 20736), (4096,)], 'conv5': [(256, 339, 3, 3), (256,)], 'fc7': [(4096, 4096), (4096,)]}
20160705-215037-3a1c {'fc8_species': [(967, 4096), (967,)], 'fc6': [(4096, 30976), (4096,)], 'fc7': [(4096, 4096), (4096,)], 'conv3': [(384, 375, 3, 3), (384,)], 'conv5': [(256, 384, 3, 3), (256,)], 'conv4': [(384, 192, 3, 3), (384,)]}
20160705-220738-8a08 {'fc8_species': [(967, 4096), (967,)], 'fc6': [(4096, 25600), (4096,)], 'conv5': [(256, 75, 3, 3), (256,)], 'fc7': [(4096, 4096), (4096,)]}
20160705-221737-ca2c {'fc8_species': [(967, 4096), (967,)], 'fc6': [(4096, 16384), (4096,)], 'fc7': [(4096, 4096), (4096,)], 'conv3': [(384, 256, 3, 3), (384,)], 'conv2': [(256, 75, 5, 5), (256,)], 'conv5': [(256, 384, 3, 3), (256,)], 'conv4': [(384, 192, 3, 3), (384,)]}
20160705-221756-e7b1 {'fc8_species': [(967, 4096), (967,)], 'fc6': [(4096, 2304), (4096,)], 'fc7': [(4096, 4096), (4096,)], 'conv3': [(384, 256, 3, 3), (384,)], 'conv2': [(256, 48, 5, 5), (256,)], 'conv1': [(96, 75, 11, 11), (96,)], 'conv5': [(256, 384, 3, 3), (256,)], 'conv4': [(384, 192, 3, 3), (384,)]}
20160705-221918-6a5b {'fc8_species': [(967, 4096), (967,)], 'fc6': [(4096, 6400), (4096,)], 'fc7': [(4096, 4096), (4096,)], 'conv3': [(384, 375, 3, 3), (384,)], 'conv5': [(256, 384, 3, 3), (256,)], 'conv4': [(384, 192, 3, 3), (384,)]}
20160706-065616-d8f8 {'fc8_species': [(967, 4096), (967,)], 'fc6': [(4096, 25600), (4096,)], 'fc7': [(4096, 4096), (4096,)], 'conv3': [(384, 75, 3, 3), (384,)], 'conv5': [(256, 384, 3, 3), (256,)], 'conv4': [(384, 192, 3, 3), (384,)]}
20160708-003123-0d2e {'fc6': [(4096, 9216), (4096,)], 'fc7': [(4096, 4096), (4096,)], 'conv3': [(384, 256, 3, 3), (384,)], 'conv2': [(256, 48, 5, 5), (256,)], 'conv1': [(96, 3, 11, 11), (96,)], 'fc8_clean': [(967, 4096), (967,)], 'conv5': [(256, 192, 3, 3), (256,)], 'conv4': [(384, 192, 3, 3), (384,)]}
20160708-110212-1143 {'fc8_species': [(967, 4096), (967,)], 'fc6': [(4096, 25600), (4096,)], 'fc7': [(4096, 4096), (4096,)], 'conv3': [(384, 75, 3, 3), (384,)], 'conv5': [(256, 384, 3, 3), (256,)], 'conv4': [(384, 192, 3, 3), (384,)]}
