20160624-111442-73b0 Skipped
20160624-120053-bb9a Skipped
20160630-112149-1636 Skipped
20160630-141158-be3c Skipped
20160630-141221-dcca Skipped
20160630-194019-4bef {'fc8_species': [(967, 4096), (967,)], 'fc6': [(4096, 38307), (4096,)], 'fc7': [(4096, 4096), (4096,)]}
20160630-194242-3400 {'fc8_species': [(967, 4096), (967,)], 'fc6': [(4096, 9216), (4096,)], 'fc7': [(4096, 4096), (4096,)], 'conv3': [(384, 256, 3, 3), (384,)], 'conv2': [(256, 48, 5, 5), (256,)], 'conv1': [(96, 3, 11, 11), (96,)], 'conv5': [(256, 192, 3, 3), (256,)], 'conv4': [(384, 192, 3, 3), (384,)]}
20160630-194311-9307 {'fc8_species': [(967, 4096), (967,)], 'fc6': [(4096, 9216), (4096,)], 'fc7': [(4096, 4096), (4096,)], 'conv3': [(384, 256, 3, 3), (384,)], 'conv2': [(256, 48, 5, 5), (256,)], 'conv1': [(96, 3, 11, 11), (96,)], 'conv5': [(256, 192, 3, 3), (256,)], 'conv4': [(384, 192, 3, 3), (384,)]}
20160703-150446-b90d Skipped
20160703-150520-3997 {'fc8_species': [(967, 4096), (967,)], 'fc6': [(4096, 9216), (4096,)], 'fc7': [(4096, 4096), (4096,)], 'conv3': [(384, 256, 3, 3), (384,)], 'conv2': [(256, 48, 5, 5), (256,)], 'conv1': [(96, 3, 11, 11), (96,)], 'conv5': [(256, 384, 3, 3), (256,)], 'conv4': [(384, 192, 3, 3), (384,)]}
20160703-164652-8de6 Skipped
20160703-164719-37a7 {'fc8_species': [(967, 4096), (967,)], 'fc6': [(4096, 9216), (4096,)], 'fc7': [(4096, 4096), (4096,)], 'conv3': [(384, 256, 3, 3), (384,)], 'conv2': [(256, 48, 5, 5), (256,)], 'conv1': [(96, 15, 11, 11), (96,)], 'conv5': [(256, 384, 3, 3), (256,)], 'conv4': [(384, 192, 3, 3), (384,)]}
20160703-165031-26a6 {'fc8_species': [(967, 4096), (967,)], 'fc6': [(4096, 9216), (4096,)], 'fc7': [(4096, 4096), (4096,)], 'conv3': [(384, 256, 3, 3), (384,)], 'conv2': [(256, 48, 5, 5), (256,)], 'conv1': [(96, 15, 11, 11), (96,)], 'conv5': [(256, 384, 3, 3), (256,)], 'conv4': [(384, 192, 3, 3), (384,)]}
20160703-183952-b2cf Skipped
20160703-184038-b35f {'fc8_species': [(967, 4096), (967,)], 'fc6': [(4096, 2304), (4096,)], 'fc7': [(4096, 4096), (4096,)], 'conv3': [(384, 256, 3, 3), (384,)], 'conv2': [(256, 48, 5, 5), (256,)], 'conv1': [(96, 75, 11, 11), (96,)], 'conv5': [(256, 384, 3, 3), (256,)], 'conv4': [(384, 192, 3, 3), (384,)]}
20160703-195208-cdcf {'fc8_species': [(967, 4096), (967,)], 'fc6': [(4096, 16384), (4096,)], 'fc7': [(4096, 4096), (4096,)], 'conv3': [(384, 256, 3, 3), (384,)], 'conv2': [(256, 75, 5, 5), (256,)], 'conv5': [(256, 384, 3, 3), (256,)], 'conv4': [(384, 192, 3, 3), (384,)]}
20160703-195348-6004 {'fc8_species': [(967, 4096), (967,)], 'fc6': [(4096, 25600), (4096,)], 'fc7': [(4096, 4096), (4096,)], 'conv3': [(384, 75, 3, 3), (384,)], 'conv5': [(256, 384, 3, 3), (256,)], 'conv4': [(384, 192, 3, 3), (384,)]}
20160703-211919-c6bb {'fc8_species': [(967, 4096), (967,)], 'fc6': [(4096, 25600), (4096,)], 'conv5': [(256, 75, 3, 3), (256,)], 'fc7': [(4096, 4096), (4096,)]}
20160703-232308-5546 Skipped
20160703-232402-8605 {'fc8_species': [(967, 4096), (967,)], 'fc6': [(4096, 6400), (4096,)], 'fc7': [(4096, 4096), (4096,)], 'conv3': [(384, 375, 3, 3), (384,)], 'conv5': [(256, 384, 3, 3), (256,)], 'conv4': [(384, 192, 3, 3), (384,)]}
20160704-001413-898d {'fc6_clean': [(4096, 9216), (4096,)], 'conv3': [(384, 256, 3, 3), (384,)], 'conv2': [(256, 48, 5, 5), (256,)], 'conv1': [(96, 3, 11, 11), (96,)], 'fc8_clean': [(967, 4096), (967,)], 'conv5': [(256, 192, 3, 3), (256,)], 'conv4': [(384, 192, 3, 3), (384,)], 'fc7_clean': [(4096, 4096), (4096,)]}
20160704-001627-a4de {'fc8_species': [(967, 4096), (967,)], 'fc6': [(4096, 9216), (4096,)], 'conv5': [(256, 375, 3, 3), (256,)], 'fc7': [(4096, 4096), (4096,)]}
20160704-001701-30e0 {'fc8_species': [(967, 4096), (967,)], 'fc6': [(4096, 24000), (4096,)], 'fc7': [(4096, 4096), (4096,)]}
20160704-001743-6578 {'fc8_species': [(967, 4096), (967,)], 'fc6': [(4096, 6400), (4096,)], 'fc7': [(4096, 4096), (4096,)], 'conv3': [(384, 375, 3, 3), (384,)], 'conv5': [(256, 384, 3, 3), (256,)], 'conv4': [(384, 192, 3, 3), (384,)]}
20160704-001911-eb45 {'fc8_species': [(967, 4096), (967,)], 'fc6': [(4096, 30976), (4096,)], 'fc7': [(4096, 4096), (4096,)], 'conv3': [(384, 375, 3, 3), (384,)], 'conv5': [(256, 384, 3, 3), (256,)], 'conv4': [(384, 192, 3, 3), (384,)]}
20160704-065721-1c42 {'fc6_clean': [(4096, 9216), (4096,)], 'conv3': [(384, 256, 3, 3), (384,)], 'conv2': [(256, 48, 5, 5), (256,)], 'conv1': [(96, 3, 11, 11), (96,)], 'fc8_clean': [(967, 4096), (967,)], 'conv5': [(256, 192, 3, 3), (256,)], 'conv4': [(384, 192, 3, 3), (384,)], 'fc7_clean': [(4096, 4096), (4096,)]}
20160704-151835-5ba8 Skipped
20160704-152854-7d95 {'fc8_species': [(967, 4096), (967,)], 'fc6': [(4096, 20736), (4096,)], 'conv5': [(256, 339, 3, 3), (256,)], 'fc7': [(4096, 4096), (4096,)]}
20160704-154710-e898 {'fc8_species': [(967, 4096), (967,)], 'fc6': [(4096, 20736), (4096,)], 'conv5': [(256, 339, 3, 3), (256,)], 'fc7': [(4096, 4096), (4096,)]}
20160704-162710-6dc9 {'fc8_species': [(967, 4096), (967,)], 'fc6': [(4096, 20736), (4096,)], 'conv5': [(256, 339, 3, 3), (256,)], 'fc7': [(4096, 4096), (4096,)]}
20160704-171110-ef79 {'fc8_species': [(967, 4096), (967,)], 'fc7': [(4096, 4096), (4096,)], 'fc6': [(4096, 20736), (4096,)], 'conv5': [(256, 384, 3, 3), (256,)], 'conv4': [(384, 339, 3, 3), (384,)]}
20160704-171221-2222 {'fc8_species': [(967, 4096), (967,)], 'fc6': [(4096, 4096), (4096,)], 'conv5': [(256, 339, 3, 3), (256,)], 'fc7': [(4096, 4096), (4096,)]}
20160704-232348-6577 {'fc8_species': [(967, 4096), (967,)], 'fc6': [(4096, 20736), (4096,)], 'fc7': [(4096, 4096), (4096,)], 'conv3': [(384, 339, 3, 3), (384,)], 'conv5': [(256, 384, 3, 3), (256,)], 'conv4': [(384, 192, 3, 3), (384,)]}
20160705-071507-f290 {'fc8_species': [(967, 4096), (967,)], 'fc7': [(4096, 4096), (4096,)], 'fc6': [(4096, 20736), (4096,)], 'conv5': [(256, 384, 3, 3), (256,)], 'conv4': [(384, 339, 3, 3), (384,)]}
20160705-130445-443c {'fc8_species': [(967, 4096), (967,)], 'fc6': [(4096, 4096), (4096,)], 'conv5': [(256, 339, 3, 3), (256,)], 'fc7': [(4096, 4096), (4096,)]}
20160705-214944-ddc0 {'fc8_species': [(967, 4096), (967,)], 'fc6': [(4096, 20736), (4096,)], 'conv5': [(256, 339, 3, 3), (256,)], 'fc7': [(4096, 4096), (4096,)]}
20160705-215037-3a1c {'fc8_species': [(967, 4096), (967,)], 'fc6': [(4096, 30976), (4096,)], 'fc7': [(4096, 4096), (4096,)], 'conv3': [(384, 375, 3, 3), (384,)], 'conv5': [(256, 384, 3, 3), (256,)], 'conv4': [(384, 192, 3, 3), (384,)]}
20160705-220738-8a08 {'fc8_species': [(967, 4096), (967,)], 'fc6': [(4096, 25600), (4096,)], 'conv5': [(256, 75, 3, 3), (256,)], 'fc7': [(4096, 4096), (4096,)]}
20160705-221218-5dfa {'fc8_species': [(967, 4096), (967,)], 'fc6': [(4096, 25600), (4096,)], 'fc7': [(4096, 4096), (4096,)], 'conv3': [(384, 75, 3, 3), (384,)], 'conv5': [(256, 384, 3, 3), (256,)], 'conv4': [(384, 192, 3, 3), (384,)]}
20160705-221737-ca2c {'fc8_species': [(967, 4096), (967,)], 'fc6': [(4096, 16384), (4096,)], 'fc7': [(4096, 4096), (4096,)], 'conv3': [(384, 256, 3, 3), (384,)], 'conv2': [(256, 75, 5, 5), (256,)], 'conv5': [(256, 384, 3, 3), (256,)], 'conv4': [(384, 192, 3, 3), (384,)]}
20160705-221756-e7b1 {'fc8_species': [(967, 4096), (967,)], 'fc6': [(4096, 2304), (4096,)], 'fc7': [(4096, 4096), (4096,)], 'conv3': [(384, 256, 3, 3), (384,)], 'conv2': [(256, 48, 5, 5), (256,)], 'conv1': [(96, 75, 11, 11), (96,)], 'conv5': [(256, 384, 3, 3), (256,)], 'conv4': [(384, 192, 3, 3), (384,)]}
20160705-221918-6a5b {'fc8_species': [(967, 4096), (967,)], 'fc6': [(4096, 6400), (4096,)], 'fc7': [(4096, 4096), (4096,)], 'conv3': [(384, 375, 3, 3), (384,)], 'conv5': [(256, 384, 3, 3), (256,)], 'conv4': [(384, 192, 3, 3), (384,)]}
20160706-065616-d8f8 {'fc8_species': [(967, 4096), (967,)], 'fc6': [(4096, 25600), (4096,)], 'fc7': [(4096, 4096), (4096,)], 'conv3': [(384, 75, 3, 3), (384,)], 'conv5': [(256, 384, 3, 3), (256,)], 'conv4': [(384, 192, 3, 3), (384,)]}
20160708-003123-0d2e {'fc6': [(4096, 9216), (4096,)], 'fc7': [(4096, 4096), (4096,)], 'conv3': [(384, 256, 3, 3), (384,)], 'conv2': [(256, 48, 5, 5), (256,)], 'conv1': [(96, 3, 11, 11), (96,)], 'fc8_clean': [(967, 4096), (967,)], 'conv5': [(256, 192, 3, 3), (256,)], 'conv4': [(384, 192, 3, 3), (384,)]}
20160708-110212-1143 {'fc8_species': [(967, 4096), (967,)], 'fc6': [(4096, 25600), (4096,)], 'fc7': [(4096, 4096), (4096,)], 'conv3': [(384, 75, 3, 3), (384,)], 'conv5': [(256, 384, 3, 3), (256,)], 'conv4': [(384, 192, 3, 3), (384,)]}
20160716-163357-0e27 {'fc6': [(4096, 9216), (4096,)], 'fc7': [(4096, 4096), (4096,)], 'conv3': [(384, 256, 3, 3), (384,)], 'conv2': [(256, 48, 5, 5), (256,)], 'conv1': [(96, 3, 11, 11), (96,)], 'fc8_clean': [(967, 4096), (967,)], 'conv5': [(256, 192, 3, 3), (256,)], 'conv4': [(384, 192, 3, 3), (384,)]}
20160716-165004-aad4 {'fc6': [(4096, 9216), (4096,)], 'fc7': [(4096, 4096), (4096,)], 'conv3': [(384, 256, 3, 3), (384,)], 'conv2': [(256, 48, 5, 5), (256,)], 'conv1': [(96, 3, 11, 11), (96,)], 'fc8_clean': [(967, 4096), (967,)], 'conv5': [(256, 192, 3, 3), (256,)], 'conv4': [(384, 192, 3, 3), (384,)]}
20160716-165903-e799 {'ip2': [(10, 500), (10,)], 'conv2': [(50, 20, 5, 5), (50,)], 'conv1': [(20, 1, 5, 5), (20,)], 'ip1': [(500, 800), (500,)]}
20160716-170049-23d7 {'ip2': [(10, 500), (10,)], 'conv2': [(50, 20, 5, 5), (50,)], 'conv1': [(20, 1, 5, 5), (20,)], 'ip1': [(500, 800), (500,)]}
20160716-170347-3754 {'ip2': [(10, 500), (10,)], 'conv2': [(50, 20, 5, 5), (50,)], 'conv1': [(20, 1, 5, 5), (20,)], 'ip1': [(500, 800), (500,)]}
20160716-170600-ab1f {'ip2': [(10, 500), (10,)], 'conv2': [(50, 20, 5, 5), (50,)], 'conv1': [(20, 1, 5, 5), (20,)], 'ip1': [(500, 800), (500,)]}
20160717-165312-2af2 {'fc6': [(4096, 9216), (4096,)], 'fc7': [(4096, 4096), (4096,)], 'conv3': [(384, 256, 3, 3), (384,)], 'conv2': [(256, 48, 5, 5), (256,)], 'conv1': [(96, 3, 11, 11), (96,)], 'fc8_clean': [(967, 4096), (967,)], 'conv5': [(256, 192, 3, 3), (256,)], 'conv4': [(384, 192, 3, 3), (384,)]}
20160718-104545-4ac5 {'fc6_clean': [(4096, 12544), (4096,)], 'conv4_clean': [(384, 192, 3, 3), (384,)], 'conv2': [(256, 48, 5, 5), (256,)], 'conv1': [(96, 3, 11, 11), (96,)], 'fc8_clean': [(967, 4096), (967,)], 'conv3_clean': [(384, 256, 3, 3), (384,)], 'conv5_clean': [(256, 192, 3, 3), (256,)], 'fc7_clean': [(4096, 4096), (4096,)]}
20160718-105552-b9ae {'fc6_clean': [(4096, 12544), (4096,)], 'conv4_clean': [(384, 192, 3, 3), (384,)], 'conv2': [(256, 48, 5, 5), (256,)], 'conv1': [(96, 3, 11, 11), (96,)], 'fc8_clean': [(967, 4096), (967,)], 'conv3_clean': [(384, 256, 3, 3), (384,)], 'conv5_clean': [(256, 192, 3, 3), (256,)], 'fc7_clean': [(4096, 4096), (4096,)]}
20160718-114408-14b8 Skipped
20160718-114654-307a {'fc6_clean': [(4096, 9216), (4096,)], 'conv4_clean': [(384, 192, 3, 3), (384,)], 'conv2': [(256, 48, 5, 5), (256,)], 'conv1': [(96, 3, 11, 11), (96,)], 'fc8_clean': [(967, 4096), (967,)], 'conv3_clean': [(384, 256, 3, 3), (384,)], 'conv5_clean': [(256, 192, 3, 3), (256,)], 'fc7_clean': [(4096, 4096), (4096,)]}
20160719-125434-8186 {'fc8_species': [(967, 4096), (967,)], 'fc6': [(4096, 4096), (4096,)], 'conv5': [(256, 339, 3, 3), (256,)], 'fc7': [(4096, 4096), (4096,)]}
20160719-132421-e84f {'fc8_species': [(967, 4096), (967,)], 'fc6': [(4096, 9216), (4096,)], 'fc7': [(4096, 4096), (4096,)], 'conv3': [(384, 256, 3, 3), (384,)], 'conv2': [(256, 48, 5, 5), (256,)], 'conv1': [(96, 15, 11, 11), (96,)], 'conv5': [(256, 384, 3, 3), (256,)], 'conv4': [(384, 192, 3, 3), (384,)]}
20160719-175946-da92 {'fc8_species': [(967, 4096), (967,)], 'fc6': [(4096, 43264), (4096,)], 'fc7': [(4096, 4096), (4096,)], 'conv3': [(384, 256, 3, 3), (384,)], 'conv2': [(256, 15, 5, 5), (256,)], 'conv5': [(256, 384, 3, 3), (256,)], 'conv4': [(384, 192, 3, 3), (384,)]}
20160720-164902-042d {'fc8_species': [(967, 4096), (967,)], 'fc6': [(4096, 9216), (4096,)], 'fc7': [(4096, 4096), (4096,)], 'conv3': [(384, 256, 3, 3), (384,)], 'conv2': [(256, 48, 5, 5), (256,)], 'conv1': [(96, 3, 11, 11), (96,)], 'conv5': [(256, 192, 3, 3), (256,)], 'conv4': [(384, 192, 3, 3), (384,)]}
20160720-165045-e2b7 {'fc8_species': [(967, 4096), (967,)], 'fc6': [(4096, 9216), (4096,)], 'fc7': [(4096, 4096), (4096,)], 'conv3': [(384, 256, 3, 3), (384,)], 'conv2': [(256, 48, 5, 5), (256,)], 'conv1': [(96, 3, 11, 11), (96,)], 'conv5': [(256, 384, 3, 3), (256,)], 'conv4': [(384, 192, 3, 3), (384,)]}
20160721-103137-e07a {'fc6_clean': [(4096, 9216), (4096,)], 'conv3': [(384, 256, 3, 3), (384,)], 'conv2': [(256, 48, 5, 5), (256,)], 'conv1': [(96, 3, 11, 11), (96,)], 'fc8_clean': [(967, 4096), (967,)], 'conv5': [(256, 192, 3, 3), (256,)], 'conv4': [(384, 192, 3, 3), (384,)], 'fc7_clean': [(4096, 4096), (4096,)]}
20160721-134608-b946 {'fc8_species': [(967, 4096), (967,)], 'fc6': [(4096, 5424), (4096,)], 'fc7': [(4096, 4096), (4096,)]}
20160721-134927-579d {'fc8_species': [(967, 4096), (967,)], 'fc6': [(4096, 4096), (4096,)], 'fc7': [(4096, 4096), (4096,)], 'conv3': [(384, 339, 3, 3), (384,)], 'conv5': [(256, 384, 3, 3), (256,)], 'conv4': [(384, 192, 3, 3), (384,)]}
20160721-135145-ae7a {'fc8_species': [(967, 4096), (967,)], 'fc6': [(4096, 1024), (4096,)], 'fc7': [(4096, 4096), (4096,)], 'conv3': [(384, 256, 3, 3), (384,)], 'conv2': [(256, 339, 5, 5), (256,)], 'conv5': [(256, 384, 3, 3), (256,)], 'conv4': [(384, 192, 3, 3), (384,)]}
20160721-135933-7311 {'fc8_species': [(967, 4096), (967,)], 'fc7': [(4096, 4096), (4096,)], 'fc6': [(4096, 4096), (4096,)], 'conv5': [(256, 384, 3, 3), (256,)], 'conv4': [(384, 339, 3, 3), (384,)]}
20160721-140312-b2e9 {'fc8_species': [(967, 4096), (967,)], 'fc7': [(4096, 4096), (4096,)], 'fc6': [(4096, 20736), (4096,)], 'conv5': [(256, 384, 3, 3), (256,)], 'conv4': [(384, 339, 3, 3), (384,)]}
20160721-140836-3b58 {'fc8_species': [(967, 4096), (967,)], 'fc6': [(4096, 9216), (4096,)], 'fc7': [(4096, 4096), (4096,)], 'conv3': [(384, 256, 3, 3), (384,)], 'conv2': [(256, 48, 5, 5), (256,)], 'conv1': [(96, 75, 6, 6), (96,)], 'conv5': [(256, 384, 3, 3), (256,)], 'conv4': [(384, 192, 3, 3), (384,)]}
20160721-141417-8e5e {'fc8_species': [(967, 4096), (967,)], 'fc6': [(4096, 9216), (4096,)], 'fc7': [(4096, 4096), (4096,)], 'conv3': [(384, 256, 3, 3), (384,)], 'conv2': [(256, 75, 5, 5), (256,)], 'conv5': [(256, 384, 3, 3), (256,)], 'conv4': [(384, 192, 3, 3), (384,)]}
20160721-141539-9a0a {'fc8_species': [(967, 4096), (967,)], 'fc6': [(4096, 9216), (4096,)], 'fc7': [(4096, 4096), (4096,)], 'conv3': [(384, 75, 3, 3), (384,)], 'conv5': [(256, 384, 3, 3), (256,)], 'conv4': [(384, 192, 3, 3), (384,)]}
20160721-141646-8874 {'fc8_species': [(967, 4096), (967,)], 'fc7': [(4096, 4096), (4096,)], 'fc6': [(4096, 9216), (4096,)], 'conv5': [(256, 384, 3, 3), (256,)], 'conv4': [(384, 75, 3, 3), (384,)]}
20160721-141727-136f {'fc8_species': [(967, 4096), (967,)], 'fc6': [(4096, 9216), (4096,)], 'conv5': [(256, 75, 3, 3), (256,)], 'fc7': [(4096, 4096), (4096,)]}
20160721-141834-2e7a {'fc8_species': [(967, 4096), (967,)], 'fc6': [(4096, 2700), (4096,)], 'fc7': [(4096, 4096), (4096,)]}
20160721-143225-6659 {'fc8_species': [(967, 4096), (967,)], 'fc6': [(4096, 4096), (4096,)], 'fc7': [(4096, 4096), (4096,)], 'conv3': [(384, 256, 3, 3), (384,)], 'conv2': [(256, 339, 5, 5), (256,)], 'conv5': [(256, 384, 3, 3), (256,)], 'conv4': [(384, 192, 3, 3), (384,)]}
20160721-144908-a740 {'fc8_species': [(967, 4096), (967,)], 'fc7': [(4096, 4096), (4096,)], 'fc6': [(4096, 20736), (4096,)], 'conv5': [(256, 384, 3, 3), (256,)], 'conv4': [(384, 339, 3, 3), (384,)]}
